image: mymap.pgm
resolution: 0.050000
origin: [-5.885454, -5.994895, 0.000000]
negate: 0
occupied_thresh: 0.65
free_thresh: 0.196

